Type the number of elements to be added to the list: 
200
87,147,163,209,252,328,341,383,431,435,461,466,492,533,557,642,643,654,664,689,716,792,886,892,935,948,1056,1162,1222,1225,1236,1291,1339,1415,1418,1598,1626,1742,1764,1863,1899,1942,2018,2229,2272,2299,2385,2387,2390,2464,2559,2715,2741,2744,2957,2977,3040,3059,3139,3181,3192,3248,3275,3370,3530,3531,3678,3683,3766,3824,4084,4092,4096,4183,4217,4222,4240,4269,4333,4370,4387,4403,4479,4521,4530,4552,4608,4616,4727,4840,4864,5061,5115,5153,5155,5195,5398,5427,5515,5616,5649,5659,5665,5735,5765,5864,5881,5883,5940,5990,6001,6039,6042,6075,6084,6144,6151,6287,6328,6332,6368,6439,6489,6491,6508,6518,6529,6540,6545,6552,6582,6630,6703,6740,6782,6789,6837,6840,6928,6950,6959,6974,7048,7197,7219,7223,7266,7285,7297,7423,7534,7569,7655,7665,7732,7737,7749,7813,7847,7924,7950,7961,7970,8043,8048,8053,8053,8062,8230,8280,8375,8402,8437,8464,8472,8499,8581,8608,8608,8691,8719,8730,8850,8854,9007,9012,9035,9173,9221,9248,9386,9399,9408,9481,9521,9571,9740,9787,9811,9978,

Time to sort the Array: 1 millisec

Type the number of elements to be added to the list: 
400
45,67,75,111,113,126,135,156,209,211,218,234,240,304,358,392,425,470,471,536,557,579,592,597,613,703,729,736,738,740,743,744,765,859,865,880,895,926,975,977,991,1010,1021,1025,1062,1102,1184,1200,1246,1253,1255,1280,1288,1298,1300,1378,1383,1395,1396,1432,1433,1457,1457,1486,1494,1503,1538,1550,1568,1579,1603,1619,1646,1657,1691,1694,1698,1707,1739,1739,1763,1795,1830,1840,1871,1899,1923,2004,2025,2090,2113,2130,2134,2149,2169,2224,2246,2255,2282,2283,2303,2317,2324,2353,2364,2365,2435,2472,2503,2565,2581,2583,2585,2627,2661,2667,2778,2877,2918,2933,2963,2969,2974,3023,3060,3104,3117,3122,3137,3164,3171,3199,3206,3286,3308,3364,3397,3456,3468,3506,3609,3664,3689,3703,3723,3771,3796,3821,3830,3903,3944,3944,3967,3998,4057,4067,4149,4218,4227,4231,4232,4257,4259,4275,4311,4314,4353,4414,4444,4454,4468,4490,4495,4501,4513,4529,4588,4652,4654,4681,4709,4722,4747,4750,4825,4832,4866,4870,4885,4942,4969,4970,4979,5016,5048,5054,5089,5117,5129,5142,5161,5213,5225,5268,5271,5282,5299,5315,5325,5333,5412,5415,5438,5438,5443,5446,5449,5503,5523,5530,5531,5549,5570,5594,5664,5696,5731,5753,5754,5784,5791,5858,5871,5892,5894,5909,5928,5929,5930,5934,5984,6033,6041,6080,6150,6157,6194,6195,6225,6263,6287,6296,6312,6326,6326,6332,6396,6401,6423,6426,6428,6434,6461,6481,6554,6558,6605,6629,6631,6647,6670,6672,6685,6723,6729,6766,6775,6835,6901,6903,6912,6929,6968,6976,6982,6989,6996,7068,7081,7098,7105,7106,7117,7160,7197,7222,7241,7264,7295,7307,7368,7397,7432,7447,7464,7470,7480,7589,7612,7618,7708,7720,7750,7787,7793,7809,7845,7886,7888,7896,7958,7990,8025,8028,8032,8033,8067,8087,8103,8137,8240,8311,8364,8389,8445,8450,8455,8461,8463,8484,8484,8511,8526,8533,8535,8595,8630,8656,8669,8690,8752,8780,8790,8791,8799,8820,8849,8852,8895,8993,9026,9029,9030,9059,9061,9076,9085,9096,9138,9143,9144,9150,9181,9189,9202,9231,9296,9315,9387,9430,9433,9465,9516,9520,9521,9600,9744,9774,9782,9797,9815,9825,9865,9878,9899,9936,9941,9948,9971,9997,

Time to sort the Array: 1 millisec

Type the number of elements to be added to the list: 
800 
21,37,78,85,104,138,159,165,188,189,189,222,231,236,247,264,267,302,310,311,328,328,338,344,348,352,352,394,414,438,463,468,482,496,508,519,522,548,551,556,566,577,623,651,670,672,694,698,698,703,714,715,736,772,780,782,797,797,797,811,816,835,842,845,866,869,874,887,901,907,909,914,950,983,1017,1019,1047,1048,1072,1102,1104,1107,1113,1125,1144,1163,1164,1171,1186,1229,1231,1243,1274,1282,1333,1347,1374,1388,1413,1424,1428,1429,1437,1457,1457,1474,1512,1516,1527,1541,1545,1558,1573,1574,1576,1581,1596,1642,1642,1644,1647,1649,1656,1657,1667,1671,1671,1681,1684,1694,1703,1706,1712,1724,1745,1775,1791,1791,1796,1796,1801,1807,1811,1817,1822,1828,1840,1858,1882,1892,1894,1907,1915,1916,1923,1935,1939,1986,1993,2001,2026,2031,2047,2054,2072,2089,2091,2106,2111,2118,2119,2119,2131,2141,2143,2160,2162,2164,2170,2175,2183,2206,2208,2228,2246,2249,2249,2257,2260,2272,2281,2298,2334,2337,2337,2367,2373,2391,2412,2414,2427,2431,2444,2445,2446,2459,2465,2467,2470,2480,2489,2504,2527,2532,2544,2550,2576,2596,2605,2611,2629,2654,2657,2665,2666,2681,2684,2685,2694,2733,2733,2757,2784,2785,2803,2804,2808,2832,2857,2878,2885,2886,2896,2910,2922,2945,2948,2952,2995,3037,3038,3050,3058,3124,3184,3192,3209,3212,3228,3231,3261,3274,3276,3281,3299,3306,3327,3353,3357,3373,3385,3386,3400,3412,3417,3417,3436,3438,3439,3441,3450,3462,3509,3558,3572,3601,3639,3653,3673,3684,3697,3713,3745,3794,3805,3809,3809,3849,3856,3864,3871,3873,3874,3887,3925,3932,3940,3954,3963,4000,4013,4027,4046,4046,4055,4057,4058,4070,4110,4121,4152,4153,4161,4191,4222,4224,4235,4236,4250,4251,4262,4264,4278,4291,4313,4323,4333,4336,4363,4370,4372,4379,4380,4382,4397,4410,4410,4425,4444,4451,4493,4494,4529,4540,4548,4559,4575,4596,4639,4653,4658,4678,4679,4714,4715,4727,4730,4731,4737,4762,4777,4780,4781,4785,4790,4798,4805,4824,4826,4835,4849,4851,4855,4856,4856,4859,4864,4872,4882,4890,4892,4900,4906,4922,4939,4940,4948,4989,4991,4992,4996,5005,5007,5008,5014,5020,5022,5024,5057,5061,5114,5115,5130,5148,5153,5231,5242,5242,5245,5267,5295,5310,5324,5326,5327,5329,5337,5341,5364,5365,5370,5418,5430,5435,5442,5457,5461,5463,5465,5477,5483,5488,5489,5490,5532,5564,5570,5580,5587,5597,5601,5602,5607,5621,5659,5676,5683,5685,5689,5706,5714,5715,5729,5785,5786,5798,5806,5819,5830,5843,5857,5867,5869,5880,5885,5887,5899,5919,5931,5932,5950,5951,5966,5971,5975,5986,6016,6033,6064,6081,6097,6131,6165,6168,6172,6173,6183,6192,6193,6223,6255,6259,6292,6293,6309,6311,6319,6378,6385,6402,6422,6447,6449,6464,6472,6476,6490,6512,6542,6546,6556,6569,6576,6576,6585,6614,6618,6624,6635,6681,6696,6700,6724,6730,6730,6735,6762,6767,6772,6774,6791,6814,6852,6856,6856,6883,6908,6956,6958,6963,6993,7004,7065,7068,7068,7106,7127,7127,7135,7140,7164,7184,7201,7207,7233,7246,7261,7270,7270,7293,7303,7308,7313,7315,7317,7317,7324,7327,7368,7374,7382,7383,7408,7416,7416,7441,7442,7455,7470,7497,7506,7506,7523,7543,7551,7552,7554,7581,7585,7585,7603,7613,7617,7620,7626,7669,7674,7677,7700,7714,7720,7747,7755,7758,7764,7787,7798,7807,7809,7830,7848,7857,7882,7887,7899,7910,7925,7941,7958,7958,7970,7977,8031,8032,8098,8161,8171,8189,8195,8200,8204,8212,8213,8223,8265,8286,8318,8323,8327,8338,8351,8361,8375,8376,8381,8396,8398,8416,8424,8451,8453,8453,8483,8504,8513,8517,8525,8532,8533,8543,8549,8551,8554,8555,8566,8585,8607,8627,8627,8632,8637,8662,8666,8678,8679,8690,8691,8700,8701,8718,8725,8739,8745,8749,8749,8800,8804,8804,8805,8815,8823,8845,8864,8889,8911,8912,8917,8919,8933,8939,8963,8963,8968,8994,9018,9025,9026,9050,9056,9078,9085,9088,9088,9093,9107,9112,9142,9148,9160,9170,9185,9197,9200,9246,9291,9306,9312,9327,9332,9336,9349,9358,9398,9402,9404,9422,9422,9431,9449,9452,9462,9467,9468,9472,9475,9477,9496,9509,9557,9563,9566,9569,9585,9599,9612,9618,9635,9651,9652,9654,9658,9677,9727,9727,9737,9738,9752,9754,9755,9792,9801,9847,9849,9863,9870,9879,9910,9911,9915,9922,9925,9929,9930,9930,9942,9949,9960,9961,9961,9984,

Time to sort the Array: 2 millisec

Type the number of elements to be added to the list: 
1600
0,2,6,47,47,59,65,68,69,73,83,103,108,123,140,140,151,159,162,171,181,182,182,184,185,185,201,238,263,266,278,283,284,290,297,301,306,306,308,313,317,338,338,344,346,355,361,364,365,373,387,388,392,404,413,425,438,438,440,441,444,448,452,464,465,465,471,475,479,480,487,496,499,499,502,511,511,513,520,520,524,532,536,539,541,550,550,554,558,560,569,576,581,587,588,594,599,605,609,610,621,630,635,637,648,650,652,681,687,688,691,691,701,705,725,746,749,756,768,769,776,780,784,785,792,792,792,804,814,820,826,829,831,838,845,850,863,864,868,872,874,894,894,916,929,930,935,937,946,957,968,979,985,985,988,1001,1030,1038,1040,1040,1044,1045,1052,1067,1069,1087,1100,1102,1104,1104,1113,1115,1116,1129,1131,1133,1137,1139,1170,1171,1171,1174,1177,1178,1181,1183,1184,1185,1187,1189,1191,1199,1213,1222,1222,1231,1242,1247,1251,1255,1272,1276,1278,1291,1292,1295,1297,1299,1303,1314,1321,1328,1334,1337,1340,1345,1355,1372,1381,1386,1389,1405,1413,1417,1440,1441,1443,1461,1461,1468,1475,1483,1486,1488,1489,1492,1494,1499,1499,1500,1500,1516,1529,1542,1562,1572,1582,1585,1590,1595,1602,1603,1603,1607,1611,1616,1619,1653,1669,1677,1679,1686,1700,1702,1706,1711,1717,1720,1731,1733,1736,1737,1740,1758,1766,1767,1769,1774,1777,1779,1782,1785,1790,1802,1807,1808,1810,1814,1816,1825,1827,1837,1857,1861,1879,1882,1884,1885,1886,1888,1893,1897,1904,1918,1926,1928,1931,1951,1956,1958,1960,1968,1979,1993,1997,1999,2004,2018,2021,2021,2028,2059,2062,2068,2068,2069,2069,2081,2084,2092,2097,2097,2099,2106,2117,2131,2132,2139,2150,2158,2161,2168,2178,2198,2202,2208,2208,2228,2228,2236,2243,2248,2251,2254,2255,2257,2258,2268,2277,2283,2289,2295,2298,2301,2308,2308,2313,2316,2316,2317,2317,2320,2325,2349,2356,2356,2359,2360,2366,2367,2370,2378,2384,2395,2396,2396,2406,2406,2415,2425,2430,2434,2448,2463,2471,2481,2484,2487,2490,2491,2494,2494,2494,2513,2521,2531,2539,2540,2554,2556,2558,2562,2563,2564,2572,2575,2579,2592,2597,2598,2604,2606,2616,2620,2621,2632,2640,2644,2646,2649,2654,2666,2673,2676,2678,2689,2704,2707,2722,2734,2746,2751,2754,2757,2764,2765,2770,2772,2774,2782,2787,2788,2793,2802,2816,2821,2828,2834,2846,2850,2852,2866,2866,2876,2882,2884,2887,2896,2900,2904,2910,2917,2920,2921,2929,2930,2932,2938,2945,2950,2956,2969,2979,2983,2987,2996,2997,3004,3011,3014,3015,3039,3040,3043,3049,3051,3057,3066,3075,3079,3083,3087,3091,3095,3103,3105,3115,3125,3125,3134,3137,3149,3168,3185,3186,3190,3200,3212,3216,3223,3223,3225,3226,3228,3229,3229,3230,3233,3254,3254,3265,3269,3273,3273,3275,3319,3321,3331,3349,3366,3379,3379,3380,3383,3387,3389,3390,3400,3403,3419,3420,3422,3423,3436,3444,3445,3453,3466,3472,3474,3488,3492,3493,3500,3513,3522,3535,3536,3539,3557,3564,3566,3567,3568,3569,3570,3570,3574,3574,3576,3579,3605,3607,3620,3621,3625,3632,3636,3644,3647,3662,3676,3679,3679,3682,3685,3687,3692,3695,3695,3699,3705,3707,3708,3714,3741,3755,3762,3768,3775,3782,3786,3787,3789,3798,3807,3810,3814,3818,3822,3824,3826,3828,3832,3832,3850,3860,3865,3871,3872,3895,3895,3897,3905,3913,3915,3917,3921,3935,3937,3937,3938,3940,3946,3949,3951,3953,3956,3975,3984,3997,3998,4026,4036,4039,4040,4044,4055,4063,4065,4076,4088,4092,4103,4133,4140,4144,4146,4149,4154,4159,4161,4175,4176,4179,4181,4189,4196,4199,4209,4214,4214,4228,4229,4237,4252,4258,4273,4295,4299,4305,4309,4321,4328,4332,4337,4344,4354,4357,4359,4366,4372,4375,4376,4377,4378,4387,4390,4408,4411,4424,4428,4430,4432,4441,4456,4457,4473,4488,4490,4496,4498,4523,4524,4527,4533,4535,4542,4549,4557,4557,4562,4576,4582,4588,4594,4596,4597,4603,4609,4624,4624,4633,4634,4643,4643,4644,4647,4648,4652,4675,4686,4686,4687,4693,4695,4696,4704,4711,4712,4713,4725,4725,4739,4747,4752,4755,4757,4768,4769,4774,4775,4783,4791,4794,4812,4821,4821,4828,4830,4833,4850,4856,4870,4871,4881,4887,4893,4893,4895,4918,4925,4933,4938,4941,4945,4950,4958,4964,4964,4965,4966,4980,4980,4985,5002,5005,5011,5012,5012,5015,5030,5035,5038,5041,5043,5052,5057,5059,5064,5071,5073,5075,5077,5082,5091,5091,5107,5113,5119,5140,5141,5145,5154,5158,5178,5180,5183,5196,5198,5203,5205,5210,5220,5224,5224,5242,5246,5251,5252,5254,5267,5279,5280,5299,5322,5328,5352,5353,5354,5357,5365,5372,5372,5374,5378,5396,5402,5404,5411,5411,5416,5455,5458,5471,5478,5488,5489,5501,5506,5506,5507,5518,5523,5542,5542,5553,5555,5573,5574,5589,5590,5591,5602,5604,5613,5622,5632,5637,5645,5658,5664,5667,5679,5685,5695,5710,5712,5716,5716,5719,5720,5720,5722,5725,5741,5744,5747,5764,5776,5779,5779,5780,5782,5797,5808,5809,5813,5818,5824,5824,5833,5840,5845,5851,5862,5865,5865,5865,5866,5872,5877,5883,5889,5891,5904,5909,5911,5912,5926,5928,5929,5932,5934,5949,5958,5960,5962,5966,5966,5970,5972,5978,5990,5991,5992,5996,6000,6001,6034,6036,6041,6051,6058,6062,6069,6080,6094,6098,6103,6103,6104,6104,6107,6114,6124,6127,6128,6128,6130,6142,6145,6146,6161,6170,6184,6185,6189,6192,6193,6207,6210,6214,6214,6220,6230,6233,6253,6258,6260,6265,6273,6280,6282,6288,6289,6303,6306,6306,6316,6320,6352,6355,6360,6370,6370,6374,6375,6375,6411,6419,6428,6435,6438,6442,6453,6463,6470,6482,6489,6495,6501,6530,6538,6553,6560,6576,6586,6587,6590,6602,6609,6618,6618,6621,6622,6648,6652,6659,6661,6665,6668,6671,6679,6679,6685,6688,6690,6691,6696,6699,6705,6708,6723,6726,6734,6738,6749,6767,6771,6787,6790,6799,6801,6802,6807,6816,6822,6822,6823,6827,6837,6837,6857,6896,6899,6903,6917,6919,6923,6940,6952,6965,6967,6969,6973,6976,6986,6988,6989,6989,7002,7005,7015,7027,7039,7041,7044,7048,7051,7062,7068,7074,7090,7090,7094,7100,7102,7106,7119,7133,7146,7153,7153,7176,7176,7183,7188,7192,7193,7201,7202,7210,7219,7222,7228,7237,7244,7259,7261,7261,7275,7281,7282,7282,7292,7312,7314,7315,7340,7347,7351,7358,7381,7397,7400,7408,7408,7409,7410,7430,7437,7445,7454,7457,7463,7463,7465,7476,7483,7487,7492,7512,7515,7518,7519,7526,7530,7530,7539,7540,7541,7543,7544,7545,7551,7563,7570,7571,7575,7578,7582,7585,7589,7593,7596,7599,7610,7615,7623,7637,7639,7643,7656,7662,7669,7672,7674,7675,7681,7702,7703,7719,7738,7746,7747,7767,7773,7774,7776,7784,7790,7793,7799,7813,7820,7823,7825,7831,7831,7835,7838,7840,7847,7853,7857,7862,7873,7877,7877,7881,7900,7909,7914,7918,7922,7922,7926,7937,7939,7948,7951,7952,7954,7955,7956,7960,7980,7985,7991,8010,8017,8017,8034,8035,8045,8046,8046,8048,8048,8051,8051,8058,8064,8064,8066,8068,8071,8074,8075,8086,8093,8098,8103,8113,8123,8147,8148,8149,8154,8160,8167,8180,8186,8189,8201,8204,8216,8222,8222,8230,8240,8246,8255,8258,8265,8265,8276,8278,8280,8290,8322,8324,8338,8339,8339,8342,8345,8348,8356,8359,8365,8376,8381,8387,8397,8402,8403,8405,8405,8411,8415,8425,8425,8427,8437,8441,8445,8449,8457,8466,8471,8475,8478,8479,8482,8500,8506,8520,8523,8529,8537,8547,8550,8551,8558,8562,8562,8564,8578,8587,8593,8604,8607,8620,8621,8637,8637,8641,8648,8649,8660,8662,8666,8674,8680,8681,8684,8688,8701,8719,8727,8731,8741,8746,8751,8755,8772,8775,8775,8778,8782,8783,8787,8790,8790,8798,8807,8807,8814,8815,8825,8828,8835,8835,8840,8844,8861,8863,8864,8888,8889,8903,8905,8916,8925,8945,8948,8951,8951,8959,8994,9001,9002,9008,9008,9011,9017,9023,9033,9035,9044,9050,9051,9055,9059,9067,9073,9081,9087,9095,9096,9099,9118,9125,9127,9130,9139,9151,9157,9163,9169,9177,9180,9182,9193,9197,9198,9211,9212,9218,9233,9235,9236,9238,9238,9254,9265,9271,9285,9296,9297,9302,9316,9323,9324,9333,9335,9341,9346,9352,9366,9368,9368,9370,9382,9417,9417,9420,9422,9425,9428,9433,9437,9445,9450,9458,9468,9484,9489,9492,9494,9495,9512,9516,9518,9519,9525,9528,9534,9549,9556,9559,9572,9573,9574,9580,9601,9602,9603,9606,9608,9610,9616,9621,9631,9639,9643,9644,9657,9662,9667,9672,9677,9685,9686,9691,9700,9706,9710,9716,9721,9722,9725,9745,9749,9750,9758,9758,9769,9774,9777,9779,9783,9792,9794,9796,9798,9801,9810,9815,9817,9838,9841,9842,9851,9861,9882,9884,9888,9893,9893,9905,9917,9924,9926,9928,9935,9941,9948,9950,9957,9958,9961,9966,9971,9972,9989,9993,9996,

Time to sort the Array: 3 millisec

Type the number of elements to be added to the list: 
3200
7,9,17,21,25,31,31,31,32,34,36,39,40,42,47,48,49,51,52,53,55,58,62,62,63,64,65,73,76,77,81,86,90,97,101,108,110,112,114,117,123,131,136,136,139,143,157,163,164,165,173,176,182,182,183,184,187,188,189,189,193,195,197,199,204,208,213,217,219,228,241,244,245,248,259,260,262,264,266,266,267,269,276,276,279,280,281,284,286,290,295,301,304,307,307,310,312,315,319,320,323,323,337,338,338,340,341,342,347,357,360,367,370,376,385,395,395,396,400,407,409,410,410,412,417,421,423,427,428,435,443,449,450,451,451,452,453,461,461,472,473,478,484,485,487,490,491,492,494,499,500,509,511,514,520,521,521,522,522,527,535,536,536,537,545,551,552,553,554,557,559,565,565,575,575,576,585,585,588,598,598,604,605,609,610,610,620,623,626,629,630,630,637,639,640,640,656,656,660,666,666,668,669,672,672,676,682,683,688,694,710,725,737,738,746,748,748,749,750,752,756,763,763,764,765,767,769,770,771,771,771,780,781,786,788,794,800,801,801,805,808,812,814,816,817,818,820,823,830,844,846,849,851,858,861,861,862,864,870,871,872,873,874,885,890,895,899,905,906,907,908,908,910,921,923,926,927,932,936,937,938,943,945,946,947,949,952,955,969,972,979,979,979,987,989,995,998,999,1001,1004,1005,1008,1015,1016,1017,1018,1021,1021,1025,1030,1034,1035,1038,1039,1041,1042,1045,1049,1049,1050,1050,1053,1059,1062,1064,1065,1069,1069,1071,1076,1078,1079,1080,1080,1081,1087,1088,1088,1090,1091,1092,1093,1103,1104,1106,1107,1108,1109,1118,1120,1121,1121,1123,1134,1139,1139,1143,1145,1146,1146,1148,1150,1150,1150,1152,1152,1161,1163,1164,1165,1169,1177,1179,1183,1185,1187,1198,1204,1205,1205,1210,1210,1212,1216,1217,1217,1219,1221,1221,1226,1231,1233,1238,1238,1238,1239,1243,1255,1255,1257,1262,1262,1267,1270,1277,1279,1284,1285,1286,1287,1293,1298,1304,1318,1320,1326,1327,1332,1333,1334,1339,1341,1344,1345,1345,1348,1350,1351,1351,1351,1359,1359,1361,1363,1370,1375,1376,1382,1383,1386,1386,1393,1393,1394,1396,1404,1408,1410,1410,1421,1422,1424,1425,1427,1432,1433,1434,1440,1441,1452,1455,1459,1461,1461,1463,1463,1464,1468,1470,1474,1476,1477,1481,1483,1485,1488,1488,1497,1498,1512,1517,1519,1523,1529,1531,1531,1532,1533,1534,1535,1539,1540,1541,1548,1552,1553,1554,1554,1558,1558,1559,1563,1567,1568,1568,1569,1569,1573,1580,1584,1587,1590,1590,1592,1593,1594,1595,1595,1596,1600,1604,1612,1614,1618,1618,1622,1624,1629,1632,1638,1641,1642,1642,1644,1648,1654,1655,1656,1656,1661,1662,1663,1663,1664,1665,1670,1671,1671,1672,1674,1677,1684,1687,1690,1693,1694,1695,1695,1698,1699,1702,1702,1709,1718,1731,1731,1740,1745,1748,1763,1768,1772,1774,1775,1782,1784,1789,1792,1797,1803,1810,1810,1810,1811,1811,1817,1819,1822,1822,1824,1833,1835,1845,1846,1849,1852,1853,1854,1860,1865,1866,1873,1876,1876,1882,1884,1886,1888,1892,1896,1896,1897,1897,1899,1900,1900,1900,1901,1904,1905,1905,1913,1917,1928,1928,1930,1933,1935,1939,1945,1945,1946,1948,1951,1954,1960,1961,1963,1966,1967,1970,1975,1980,1981,1985,1990,1992,1999,2000,2000,2001,2005,2006,2008,2019,2020,2020,2023,2024,2029,2033,2034,2040,2043,2047,2050,2050,2051,2052,2053,2059,2061,2066,2066,2068,2071,2074,2078,2085,2094,2095,2099,2100,2102,2111,2114,2116,2116,2119,2124,2126,2127,2129,2131,2134,2139,2149,2149,2149,2151,2166,2171,2183,2189,2197,2200,2203,2208,2208,2210,2211,2220,2220,2221,2230,2231,2231,2241,2242,2242,2248,2248,2249,2253,2254,2268,2271,2277,2277,2281,2283,2286,2288,2291,2292,2293,2294,2295,2296,2299,2300,2306,2308,2310,2310,2313,2314,2316,2318,2319,2321,2323,2326,2331,2346,2348,2349,2350,2351,2355,2357,2361,2363,2363,2364,2365,2365,2366,2372,2374,2380,2380,2380,2382,2382,2388,2396,2400,2401,2405,2406,2407,2408,2413,2416,2416,2429,2432,2436,2436,2439,2439,2442,2443,2443,2445,2446,2448,2464,2467,2468,2470,2473,2480,2484,2486,2486,2486,2487,2497,2498,2500,2506,2514,2518,2531,2534,2539,2542,2542,2544,2547,2548,2549,2570,2573,2574,2575,2580,2581,2593,2601,2612,2617,2618,2619,2620,2621,2623,2630,2632,2633,2634,2641,2644,2646,2651,2664,2664,2665,2670,2673,2675,2683,2687,2688,2697,2697,2704,2704,2710,2712,2719,2722,2723,2724,2725,2728,2741,2745,2748,2748,2753,2753,2757,2759,2759,2763,2764,2766,2767,2770,2777,2779,2781,2781,2784,2785,2786,2787,2788,2790,2796,2797,2799,2800,2808,2811,2811,2812,2815,2816,2816,2817,2821,2832,2833,2834,2838,2839,2839,2839,2842,2842,2843,2845,2846,2852,2856,2857,2862,2863,2864,2867,2867,2868,2870,2871,2873,2874,2879,2881,2888,2893,2904,2908,2911,2915,2918,2918,2922,2923,2924,2928,2931,2932,2935,2937,2938,2940,2947,2950,2951,2951,2955,2957,2957,2962,2969,2974,2975,2976,2982,2986,2988,2989,2992,3001,3003,3012,3012,3013,3013,3016,3032,3033,3034,3035,3035,3042,3044,3054,3057,3063,3071,3072,3075,3082,3083,3088,3088,3088,3090,3090,3091,3092,3101,3109,3109,3114,3116,3121,3123,3130,3131,3133,3137,3162,3163,3164,3166,3168,3169,3173,3178,3178,3179,3184,3196,3197,3200,3206,3210,3218,3220,3227,3227,3228,3229,3234,3243,3246,3247,3252,3253,3257,3258,3261,3262,3264,3266,3267,3269,3272,3272,3273,3274,3276,3277,3280,3281,3291,3297,3300,3308,3309,3311,3313,3316,3323,3325,3326,3328,3331,3335,3336,3337,3343,3344,3346,3346,3351,3359,3360,3360,3360,3363,3365,3367,3369,3370,3371,3373,3379,3383,3386,3388,3392,3394,3395,3395,3396,3405,3411,3414,3415,3417,3417,3418,3418,3421,3423,3424,3428,3438,3438,3447,3447,3456,3459,3464,3465,3468,3471,3471,3474,3476,3480,3494,3503,3507,3509,3511,3512,3515,3516,3523,3528,3531,3545,3547,3549,3550,3552,3553,3557,3557,3561,3561,3561,3562,3563,3569,3582,3588,3592,3599,3604,3604,3611,3612,3613,3613,3618,3623,3623,3625,3626,3627,3637,3652,3655,3662,3662,3665,3665,3666,3668,3668,3672,3683,3684,3686,3689,3699,3700,3701,3707,3708,3710,3716,3721,3722,3726,3734,3734,3734,3735,3736,3741,3742,3751,3757,3758,3761,3768,3771,3774,3775,3778,3778,3786,3787,3788,3790,3792,3798,3800,3804,3807,3814,3817,3820,3821,3824,3825,3825,3825,3826,3829,3829,3832,3833,3834,3841,3854,3861,3862,3863,3867,3870,3874,3876,3883,3885,3892,3894,3897,3902,3903,3906,3912,3913,3917,3922,3923,3923,3925,3926,3936,3940,3941,3943,3945,3949,3957,3958,3961,3961,3973,3977,3980,3989,3990,3990,3997,3998,3998,4001,4002,4004,4005,4007,4007,4008,4009,4019,4019,4023,4027,4030,4032,4034,4037,4041,4048,4048,4051,4055,4067,4068,4078,4080,4086,4088,4090,4091,4092,4096,4100,4100,4117,4119,4119,4119,4121,4128,4130,4132,4136,4140,4147,4149,4153,4155,4156,4164,4166,4166,4167,4169,4171,4173,4176,4177,4180,4181,4191,4191,4192,4199,4206,4209,4215,4216,4221,4227,4234,4238,4239,4239,4239,4252,4253,4266,4277,4281,4283,4284,4285,4287,4290,4293,4296,4296,4298,4298,4298,4301,4308,4308,4309,4312,4315,4315,4321,4323,4324,4333,4336,4338,4341,4343,4345,4347,4351,4354,4355,4359,4360,4362,4368,4368,4369,4374,4375,4380,4380,4382,4386,4388,4391,4392,4393,4394,4395,4398,4405,4412,4412,4415,4419,4419,4428,4430,4437,4438,4449,4450,4454,4463,4472,4473,4474,4481,4481,4486,4487,4487,4487,4491,4494,4494,4496,4496,4498,4502,4503,4505,4505,4506,4506,4507,4513,4514,4517,4517,4521,4523,4526,4526,4535,4537,4540,4548,4549,4550,4553,4553,4565,4565,4569,4571,4573,4573,4576,4577,4580,4581,4583,4586,4588,4591,4600,4600,4601,4606,4609,4610,4614,4615,4616,4618,4619,4619,4620,4625,4633,4637,4640,4647,4648,4650,4652,4656,4659,4663,4669,4671,4681,4684,4691,4694,4697,4698,4702,4705,4708,4712,4714,4715,4721,4722,4724,4730,4732,4733,4733,4736,4736,4737,4740,4741,4743,4743,4748,4749,4754,4767,4768,4775,4778,4781,4783,4787,4789,4789,4801,4805,4806,4806,4808,4809,4816,4817,4819,4819,4824,4826,4829,4832,4833,4833,4837,4840,4842,4846,4849,4855,4855,4857,4859,4862,4870,4871,4871,4872,4876,4876,4878,4879,4886,4887,4887,4890,4893,4894,4898,4906,4909,4909,4912,4919,4920,4921,4921,4922,4926,4929,4934,4938,4938,4940,4940,4941,4946,4949,4949,4952,4961,4971,4973,4973,4975,4980,4984,4986,4986,4991,4998,5005,5005,5013,5016,5026,5036,5042,5044,5046,5050,5050,5052,5054,5056,5060,5066,5069,5084,5091,5098,5099,5104,5108,5123,5126,5129,5130,5135,5136,5142,5143,5143,5148,5151,5154,5160,5162,5164,5166,5170,5174,5180,5181,5182,5187,5189,5191,5201,5202,5202,5204,5209,5211,5214,5226,5228,5231,5232,5238,5243,5244,5245,5247,5252,5254,5257,5259,5260,5260,5261,5264,5267,5267,5268,5274,5276,5277,5278,5279,5284,5286,5287,5287,5287,5290,5294,5307,5309,5318,5319,5319,5320,5322,5326,5330,5330,5333,5339,5339,5341,5345,5347,5350,5357,5358,5362,5362,5365,5373,5381,5381,5392,5402,5403,5403,5404,5409,5410,5411,5412,5417,5418,5419,5420,5420,5421,5423,5425,5425,5426,5428,5433,5439,5440,5442,5443,5444,5445,5450,5453,5454,5455,5460,5460,5463,5470,5476,5477,5479,5480,5484,5492,5494,5496,5496,5497,5497,5500,5505,5506,5512,5515,5519,5521,5524,5537,5538,5543,5544,5544,5544,5545,5546,5553,5555,5559,5562,5569,5579,5583,5585,5587,5591,5593,5595,5596,5596,5604,5608,5613,5622,5632,5636,5639,5641,5642,5642,5644,5645,5654,5657,5659,5662,5669,5679,5680,5680,5681,5683,5683,5685,5687,5687,5693,5693,5694,5713,5715,5716,5721,5727,5734,5734,5741,5752,5763,5764,5767,5768,5771,5774,5784,5786,5797,5799,5799,5808,5810,5812,5815,5829,5829,5830,5832,5836,5839,5846,5850,5853,5854,5858,5858,5861,5864,5866,5872,5872,5872,5874,5874,5877,5878,5886,5889,5893,5893,5893,5896,5899,5907,5913,5915,5919,5921,5923,5929,5930,5934,5936,5942,5944,5951,5953,5954,5958,5958,5967,5970,5970,5974,5975,5976,5984,5984,5988,5990,5991,5996,5997,5998,6002,6011,6015,6019,6021,6021,6028,6029,6030,6034,6036,6040,6041,6049,6049,6055,6058,6061,6062,6067,6069,6072,6074,6080,6080,6081,6088,6088,6097,6101,6101,6102,6105,6107,6116,6116,6116,6124,6127,6132,6134,6138,6149,6152,6153,6154,6154,6159,6161,6167,6167,6168,6170,6171,6173,6175,6175,6177,6177,6177,6183,6185,6187,6189,6203,6204,6204,6204,6209,6211,6216,6222,6222,6225,6232,6232,6236,6236,6238,6242,6244,6248,6257,6260,6264,6264,6264,6267,6267,6273,6274,6279,6280,6286,6290,6290,6296,6297,6298,6298,6299,6301,6305,6306,6307,6312,6313,6315,6315,6321,6323,6328,6333,6335,6336,6337,6339,6339,6343,6345,6352,6353,6358,6361,6364,6366,6371,6374,6375,6377,6380,6385,6386,6387,6388,6390,6396,6400,6400,6400,6402,6407,6408,6411,6418,6419,6422,6431,6431,6435,6438,6440,6442,6447,6449,6450,6450,6455,6456,6457,6458,6462,6462,6463,6464,6464,6475,6476,6477,6477,6477,6478,6481,6484,6499,6503,6505,6506,6507,6509,6512,6516,6526,6527,6536,6539,6542,6544,6544,6547,6548,6552,6561,6562,6566,6568,6569,6571,6574,6587,6589,6589,6589,6589,6590,6596,6596,6599,6602,6607,6613,6615,6625,6630,6635,6637,6642,6644,6645,6647,6648,6653,6654,6661,6663,6666,6673,6676,6677,6687,6690,6690,6691,6691,6694,6696,6698,6701,6703,6710,6713,6716,6716,6719,6720,6725,6727,6728,6731,6736,6738,6739,6744,6745,6746,6757,6758,6759,6761,6764,6766,6766,6768,6775,6785,6787,6790,6794,6794,6799,6800,6800,6802,6802,6803,6808,6813,6818,6820,6823,6829,6829,6829,6836,6838,6838,6840,6842,6843,6848,6848,6848,6850,6851,6854,6855,6856,6857,6860,6862,6864,6868,6868,6871,6875,6876,6877,6880,6881,6886,6892,6893,6901,6906,6922,6931,6931,6933,6935,6938,6938,6943,6945,6946,6947,6952,6956,6956,6958,6961,6963,6968,6972,6977,6984,6985,6992,6995,6996,6998,7003,7007,7009,7018,7023,7027,7030,7033,7034,7036,7040,7045,7046,7052,7054,7057,7072,7076,7078,7083,7093,7095,7097,7097,7106,7107,7117,7118,7120,7121,7121,7123,7126,7130,7131,7132,7142,7144,7146,7147,7149,7155,7160,7162,7162,7168,7170,7173,7181,7191,7191,7192,7196,7198,7199,7203,7206,7207,7214,7217,7223,7233,7234,7234,7242,7243,7247,7249,7249,7253,7260,7263,7265,7280,7285,7289,7289,7289,7295,7298,7301,7302,7307,7310,7314,7314,7317,7322,7324,7325,7329,7329,7334,7334,7341,7343,7346,7348,7349,7354,7356,7357,7365,7370,7372,7374,7376,7384,7385,7390,7391,7392,7399,7401,7403,7407,7409,7414,7419,7420,7426,7428,7432,7434,7439,7442,7449,7450,7459,7467,7470,7470,7475,7475,7475,7483,7485,7486,7493,7498,7498,7499,7502,7512,7519,7519,7520,7530,7533,7536,7540,7541,7543,7552,7553,7553,7555,7556,7568,7571,7574,7576,7577,7583,7594,7595,7595,7597,7615,7618,7622,7623,7625,7627,7635,7650,7653,7654,7657,7658,7663,7664,7668,7674,7681,7682,7686,7688,7688,7689,7691,7699,7702,7706,7706,7708,7716,7721,7723,7724,7734,7736,7741,7741,7750,7765,7766,7775,7788,7791,7793,7797,7800,7801,7801,7801,7801,7803,7806,7808,7810,7812,7812,7815,7815,7823,7825,7828,7836,7836,7840,7845,7846,7847,7847,7848,7848,7850,7854,7856,7858,7860,7864,7866,7870,7871,7875,7875,7877,7877,7882,7883,7883,7884,7893,7893,7895,7896,7897,7898,7899,7899,7899,7900,7904,7909,7911,7912,7921,7922,7927,7930,7936,7938,7940,7941,7943,7944,7945,7946,7949,7954,7955,7962,7962,7973,7976,7979,7985,7985,7988,7995,8000,8003,8004,8005,8013,8019,8020,8023,8030,8032,8034,8038,8045,8046,8048,8049,8050,8052,8053,8055,8057,8062,8062,8065,8071,8071,8074,8075,8076,8089,8090,8091,8098,8099,8105,8110,8120,8121,8124,8126,8128,8130,8131,8137,8137,8144,8146,8149,8149,8152,8153,8154,8157,8157,8158,8163,8165,8168,8174,8175,8177,8177,8180,8184,8184,8186,8187,8187,8187,8194,8195,8198,8202,8211,8214,8218,8224,8225,8239,8240,8242,8245,8247,8249,8255,8258,8264,8264,8265,8267,8268,8272,8275,8286,8287,8291,8296,8297,8300,8301,8303,8304,8309,8311,8312,8313,8321,8324,8330,8333,8337,8342,8347,8347,8348,8348,8349,8355,8358,8360,8361,8361,8362,8366,8367,8374,8390,8390,8396,8398,8399,8402,8409,8409,8417,8418,8418,8420,8420,8423,8424,8427,8433,8434,8437,8442,8443,8443,8443,8447,8449,8454,8456,8458,8458,8460,8463,8465,8466,8470,8476,8478,8479,8484,8497,8505,8506,8510,8513,8513,8513,8514,8514,8515,8515,8521,8523,8525,8529,8533,8533,8537,8537,8537,8540,8544,8548,8551,8551,8552,8554,8557,8559,8566,8568,8570,8573,8581,8585,8585,8596,8597,8598,8601,8602,8603,8606,8608,8610,8612,8613,8615,8619,8624,8627,8632,8633,8640,8644,8647,8651,8653,8657,8659,8669,8672,8673,8674,8674,8677,8678,8678,8684,8685,8686,8689,8695,8699,8700,8701,8701,8701,8702,8704,8706,8711,8715,8723,8723,8734,8737,8738,8742,8756,8758,8758,8759,8761,8765,8773,8778,8782,8787,8788,8789,8791,8799,8801,8802,8805,8809,8816,8816,8818,8819,8822,8826,8828,8829,8829,8832,8833,8834,8842,8842,8843,8850,8855,8860,8860,8865,8865,8868,8869,8874,8875,8880,8886,8888,8893,8896,8897,8905,8910,8919,8920,8926,8928,8928,8930,8936,8936,8937,8947,8954,8955,8957,8959,8960,8961,8962,8967,8975,8975,8981,8982,8982,8986,8991,8995,8998,9001,9004,9005,9007,9008,9016,9017,9024,9025,9032,9034,9035,9035,9036,9041,9044,9045,9048,9052,9056,9056,9068,9074,9077,9078,9078,9083,9084,9085,9086,9093,9096,9096,9097,9097,9104,9110,9112,9112,9118,9120,9121,9123,9125,9126,9126,9133,9133,9134,9134,9137,9138,9143,9145,9148,9148,9151,9152,9153,9155,9156,9159,9165,9166,9167,9169,9170,9175,9175,9176,9180,9181,9186,9193,9196,9197,9199,9203,9208,9210,9213,9213,9216,9220,9223,9225,9227,9230,9230,9237,9243,9247,9256,9257,9257,9259,9260,9260,9261,9264,9273,9274,9275,9275,9276,9281,9281,9287,9288,9294,9295,9297,9298,9300,9301,9304,9304,9314,9318,9325,9326,9328,9340,9341,9341,9343,9347,9349,9353,9358,9358,9362,9367,9369,9372,9376,9380,9380,9385,9388,9390,9392,9397,9400,9401,9402,9403,9404,9406,9412,9413,9413,9415,9418,9422,9433,9433,9435,9435,9435,9437,9437,9443,9446,9456,9466,9467,9469,9470,9480,9494,9497,9503,9505,9507,9508,9512,9513,9521,9528,9530,9533,9534,9535,9537,9538,9543,9549,9549,9554,9557,9558,9562,9564,9568,9568,9580,9584,9586,9592,9592,9596,9597,9599,9601,9603,9605,9612,9612,9622,9624,9627,9627,9630,9632,9636,9639,9643,9650,9652,9653,9656,9657,9659,9659,9664,9665,9667,9673,9675,9681,9681,9681,9684,9692,9698,9702,9708,9709,9715,9717,9721,9723,9729,9730,9731,9733,9734,9735,9738,9739,9740,9745,9748,9751,9756,9766,9768,9768,9770,9772,9775,9776,9777,9779,9781,9782,9783,9783,9783,9795,9797,9802,9804,9808,9814,9814,9818,9822,9824,9828,9829,9830,9838,9839,9843,9844,9846,9856,9856,9857,9857,9859,9860,9860,9861,9866,9869,9871,9872,9878,9879,9879,9880,9880,9881,9883,9884,9885,9886,9888,9892,9896,9901,9901,9912,9912,9914,9916,9917,9919,9926,9928,9944,9947,9948,9952,9957,9963,9965,9966,9972,9976,9980,9980,9987,9996,

Time to sort the Array: 6 millisec

Type the number of elements to be added to the list: 
6400
0,2,3,3,3,8,9,9,12,13,13,14,18,18,22,23,23,26,27,28,30,30,31,33,37,38,39,40,40,43,45,47,48,50,57,57,61,61,62,62,63,66,70,71,72,72,74,77,79,79,82,85,85,85,92,94,95,96,97,98,100,101,101,105,105,108,109,109,110,112,116,118,119,120,120,122,122,123,123,124,124,125,125,126,128,131,140,141,142,145,145,145,147,147,150,151,152,156,158,160,160,162,165,167,167,168,168,169,170,170,171,174,175,175,177,178,178,178,178,179,179,179,179,180,181,183,184,185,187,188,190,192,194,197,198,203,203,204,205,205,205,208,209,217,217,218,219,220,221,224,226,227,228,230,230,231,232,233,235,236,236,236,241,243,244,252,254,255,260,263,266,268,269,271,272,273,275,276,276,277,280,282,282,282,293,293,294,296,297,297,301,301,303,303,306,306,310,315,316,317,318,320,321,327,327,329,330,330,340,341,342,344,348,350,350,352,354,354,355,356,358,361,365,366,366,366,366,367,367,370,370,371,374,377,378,379,380,380,380,384,389,393,396,398,402,402,403,403,404,406,408,412,416,421,423,428,428,432,434,437,438,442,443,443,446,446,447,448,448,449,450,451,453,455,455,456,456,459,462,463,465,466,468,469,470,471,472,473,473,475,479,479,480,481,482,482,483,484,485,486,487,487,491,491,492,495,497,497,499,501,504,504,506,506,506,508,508,509,515,520,520,525,529,529,529,531,535,535,535,535,535,536,537,538,539,539,540,542,542,545,545,550,552,557,557,558,560,562,567,568,568,569,571,572,573,574,575,577,580,581,583,584,585,585,587,587,592,594,594,597,598,599,602,605,607,607,607,608,610,611,612,618,620,621,621,622,624,627,627,628,634,634,637,639,645,647,649,650,651,651,651,652,653,658,660,665,665,667,671,676,676,677,678,679,679,682,683,684,685,686,686,688,693,694,695,697,699,700,702,702,703,705,706,708,710,715,715,716,720,722,723,723,723,724,725,726,727,730,731,734,736,737,738,738,739,741,741,743,744,744,745,745,745,749,750,753,753,755,755,759,759,759,764,765,765,771,776,780,781,781,783,785,786,787,788,788,790,792,793,794,796,796,797,801,801,802,803,803,803,804,806,806,807,807,807,809,809,812,813,814,816,819,820,822,825,825,825,826,826,827,828,831,832,834,835,835,837,842,845,845,846,848,849,852,852,853,855,857,858,858,859,859,865,867,868,868,868,870,872,872,873,874,881,882,882,883,883,884,888,891,893,895,896,896,896,904,906,907,915,919,920,920,922,926,926,926,926,933,935,936,938,940,941,943,946,946,947,950,955,956,959,959,960,963,964,970,970,971,976,978,979,982,982,982,986,989,990,990,991,991,993,993,994,996,996,999,1002,1004,1004,1005,1006,1008,1009,1010,1014,1014,1015,1017,1018,1021,1021,1023,1024,1025,1028,1029,1029,1030,1031,1031,1032,1032,1033,1034,1036,1037,1039,1042,1044,1046,1048,1050,1050,1050,1054,1058,1059,1059,1063,1063,1064,1065,1066,1068,1069,1070,1071,1071,1073,1075,1076,1077,1078,1079,1079,1079,1082,1082,1083,1084,1086,1088,1088,1088,1089,1089,1093,1095,1095,1096,1097,1099,1102,1103,1108,1108,1109,1116,1117,1118,1119,1123,1128,1129,1131,1131,1132,1134,1135,1136,1137,1138,1138,1141,1141,1142,1145,1145,1147,1147,1148,1148,1151,1152,1153,1155,1156,1157,1159,1161,1162,1163,1164,1170,1175,1178,1179,1184,1185,1186,1187,1189,1191,1191,1192,1192,1193,1195,1195,1195,1196,1198,1199,1200,1204,1205,1206,1206,1207,1208,1209,1209,1210,1210,1215,1216,1220,1222,1222,1223,1224,1225,1226,1226,1227,1230,1230,1231,1232,1233,1234,1238,1241,1242,1242,1245,1248,1252,1253,1253,1256,1259,1260,1261,1262,1262,1268,1268,1269,1270,1277,1279,1284,1286,1286,1287,1290,1290,1291,1291,1291,1293,1293,1293,1295,1297,1297,1298,1300,1300,1300,1301,1304,1305,1305,1305,1305,1307,1310,1311,1314,1314,1324,1328,1329,1330,1331,1332,1334,1338,1338,1340,1343,1345,1347,1349,1350,1351,1351,1354,1355,1355,1355,1356,1357,1358,1359,1359,1360,1361,1366,1369,1370,1371,1371,1373,1374,1378,1380,1381,1386,1389,1389,1391,1393,1395,1395,1395,1396,1398,1398,1402,1406,1407,1407,1410,1411,1415,1416,1417,1420,1422,1423,1425,1425,1435,1436,1436,1436,1439,1440,1443,1443,1445,1446,1446,1448,1449,1449,1451,1455,1456,1457,1457,1458,1460,1462,1463,1464,1465,1466,1467,1468,1476,1477,1481,1484,1486,1486,1486,1487,1487,1487,1488,1489,1491,1495,1495,1499,1500,1500,1502,1503,1509,1510,1512,1512,1513,1515,1516,1520,1520,1521,1522,1523,1523,1527,1530,1535,1535,1537,1541,1542,1542,1542,1545,1545,1546,1547,1547,1547,1548,1548,1549,1549,1550,1551,1553,1556,1558,1563,1563,1563,1564,1565,1565,1566,1567,1567,1568,1568,1571,1572,1576,1576,1577,1579,1582,1585,1586,1586,1587,1588,1589,1589,1590,1594,1601,1602,1602,1602,1603,1603,1605,1606,1607,1609,1609,1612,1614,1617,1621,1623,1623,1624,1626,1628,1631,1632,1633,1638,1639,1639,1642,1643,1644,1646,1646,1646,1650,1655,1660,1662,1664,1665,1666,1668,1669,1671,1673,1673,1674,1676,1678,1681,1685,1688,1689,1696,1698,1699,1704,1706,1707,1709,1710,1711,1714,1716,1719,1720,1721,1723,1724,1724,1725,1726,1727,1730,1730,1732,1733,1735,1736,1736,1736,1738,1738,1740,1741,1741,1742,1742,1744,1751,1752,1753,1753,1753,1753,1754,1754,1755,1757,1758,1759,1760,1760,1762,1763,1765,1766,1766,1767,1767,1768,1768,1768,1768,1769,1771,1771,1774,1774,1778,1781,1782,1782,1783,1783,1785,1786,1787,1787,1788,1790,1791,1791,1791,1796,1797,1800,1800,1802,1805,1806,1809,1811,1818,1819,1820,1820,1822,1826,1831,1831,1832,1833,1837,1839,1840,1843,1843,1843,1844,1846,1847,1850,1851,1854,1855,1856,1856,1857,1862,1863,1866,1867,1867,1871,1878,1884,1884,1884,1885,1886,1886,1888,1889,1891,1893,1893,1897,1898,1900,1902,1902,1904,1909,1912,1912,1916,1917,1918,1919,1919,1921,1921,1923,1923,1925,1925,1929,1929,1930,1930,1933,1934,1934,1935,1935,1938,1938,1942,1943,1946,1946,1948,1950,1951,1952,1952,1953,1954,1954,1955,1955,1957,1958,1963,1966,1967,1968,1968,1971,1978,1979,1979,1980,1982,1983,1985,1991,1992,1994,1996,1996,1997,1998,1999,2000,2004,2004,2006,2007,2007,2010,2010,2015,2015,2018,2019,2020,2022,2024,2024,2028,2029,2030,2031,2032,2033,2034,2037,2037,2039,2040,2041,2041,2043,2044,2046,2047,2048,2049,2050,2050,2051,2051,2052,2057,2058,2062,2063,2064,2064,2066,2067,2068,2071,2071,2073,2075,2076,2078,2080,2081,2082,2084,2085,2085,2086,2092,2093,2098,2099,2099,2100,2103,2104,2106,2109,2111,2114,2114,2116,2116,2117,2118,2120,2121,2121,2124,2126,2126,2131,2131,2132,2133,2133,2134,2138,2141,2145,2146,2147,2148,2150,2150,2151,2152,2153,2156,2156,2158,2160,2162,2163,2163,2166,2167,2168,2169,2172,2172,2172,2173,2174,2174,2176,2177,2179,2180,2181,2182,2182,2183,2184,2184,2184,2185,2186,2186,2187,2188,2188,2193,2196,2196,2197,2204,2205,2205,2208,2209,2213,2213,2213,2214,2215,2222,2224,2225,2225,2226,2226,2227,2227,2227,2230,2234,2235,2237,2238,2239,2240,2241,2241,2241,2245,2246,2248,2252,2257,2257,2258,2261,2261,2265,2266,2268,2269,2270,2271,2271,2275,2276,2279,2282,2284,2285,2287,2288,2290,2290,2293,2299,2299,2299,2301,2303,2303,2304,2305,2311,2311,2313,2313,2314,2314,2314,2314,2316,2318,2318,2320,2322,2323,2327,2329,2330,2332,2335,2335,2336,2336,2338,2339,2340,2342,2342,2344,2344,2345,2346,2346,2347,2351,2352,2352,2353,2355,2355,2356,2357,2359,2366,2366,2367,2367,2368,2370,2370,2375,2376,2378,2378,2379,2380,2383,2383,2384,2385,2388,2391,2397,2399,2400,2401,2402,2405,2407,2409,2410,2411,2412,2412,2413,2414,2416,2416,2417,2417,2417,2419,2419,2421,2424,2424,2425,2425,2427,2427,2428,2430,2431,2436,2436,2440,2441,2442,2444,2448,2453,2458,2458,2459,2461,2463,2464,2464,2466,2467,2468,2470,2473,2473,2474,2475,2476,2476,2478,2482,2484,2485,2490,2493,2495,2498,2507,2509,2510,2510,2512,2512,2514,2514,2516,2522,2522,2523,2524,2526,2526,2528,2529,2532,2534,2535,2540,2543,2544,2548,2550,2552,2552,2554,2554,2560,2561,2561,2563,2565,2568,2569,2569,2573,2573,2575,2575,2576,2576,2578,2580,2583,2584,2587,2588,2589,2590,2591,2592,2594,2595,2596,2598,2599,2600,2600,2602,2603,2606,2609,2611,2618,2620,2621,2623,2623,2624,2625,2626,2626,2627,2630,2631,2634,2634,2635,2636,2636,2637,2640,2641,2642,2642,2643,2644,2647,2648,2648,2649,2649,2650,2650,2655,2658,2658,2660,2660,2662,2663,2664,2664,2665,2668,2669,2671,2672,2673,2674,2676,2676,2677,2681,2683,2685,2686,2687,2688,2689,2695,2696,2697,2698,2698,2700,2701,2705,2707,2710,2711,2712,2712,2713,2716,2717,2717,2720,2720,2721,2721,2724,2728,2728,2730,2730,2730,2732,2732,2734,2734,2738,2740,2741,2746,2746,2748,2749,2750,2750,2751,2751,2751,2753,2758,2760,2761,2762,2765,2766,2766,2766,2766,2768,2769,2769,2772,2773,2774,2776,2780,2781,2781,2782,2784,2785,2787,2788,2789,2790,2790,2793,2795,2797,2800,2800,2800,2801,2801,2802,2802,2804,2805,2805,2808,2809,2809,2811,2813,2813,2815,2816,2818,2818,2819,2820,2822,2822,2823,2825,2826,2828,2828,2829,2830,2830,2830,2831,2833,2836,2840,2841,2842,2842,2842,2844,2849,2849,2850,2850,2850,2850,2850,2852,2853,2854,2856,2857,2860,2861,2862,2864,2865,2866,2866,2867,2869,2869,2870,2871,2873,2875,2878,2879,2879,2880,2885,2887,2888,2888,2890,2891,2893,2894,2896,2896,2897,2897,2898,2898,2902,2903,2905,2906,2907,2908,2912,2912,2912,2916,2916,2917,2917,2919,2920,2920,2921,2921,2923,2927,2927,2928,2928,2930,2932,2933,2933,2934,2935,2936,2937,2937,2939,2941,2946,2947,2951,2951,2951,2953,2955,2956,2959,2964,2964,2966,2969,2971,2972,2973,2974,2974,2974,2976,2978,2981,2981,2981,2982,2982,2982,2983,2987,2989,2990,2991,2991,2994,2994,2998,3003,3007,3008,3010,3010,3011,3012,3016,3019,3020,3021,3022,3024,3024,3028,3029,3029,3030,3031,3032,3036,3038,3039,3041,3043,3045,3046,3048,3049,3051,3052,3055,3058,3058,3058,3061,3063,3063,3065,3066,3072,3075,3076,3078,3079,3079,3081,3082,3082,3084,3086,3086,3087,3088,3090,3092,3093,3095,3096,3097,3102,3103,3107,3110,3112,3113,3113,3120,3121,3122,3123,3124,3127,3127,3128,3131,3132,3136,3137,3138,3138,3138,3140,3141,3141,3143,3143,3145,3150,3150,3152,3153,3153,3154,3154,3156,3156,3158,3160,3164,3165,3165,3165,3169,3171,3172,3174,3176,3180,3185,3190,3191,3194,3195,3198,3198,3200,3200,3201,3203,3206,3207,3208,3209,3210,3211,3212,3212,3213,3214,3214,3216,3217,3217,3218,3221,3222,3223,3224,3227,3228,3228,3229,3229,3234,3235,3236,3237,3238,3239,3240,3241,3244,3246,3247,3248,3248,3249,3250,3250,3257,3259,3260,3262,3265,3268,3269,3269,3271,3273,3276,3278,3279,3281,3281,3282,3283,3284,3289,3289,3290,3292,3293,3293,3296,3297,3298,3299,3302,3305,3307,3309,3313,3316,3318,3322,3322,3323,3323,3325,3328,3330,3330,3331,3331,3332,3333,3334,3338,3338,3341,3345,3345,3347,3348,3350,3350,3354,3356,3357,3359,3361,3361,3362,3364,3364,3365,3367,3368,3371,3372,3372,3374,3374,3380,3381,3384,3385,3386,3387,3388,3390,3391,3391,3395,3396,3396,3397,3397,3397,3399,3399,3400,3401,3402,3402,3403,3403,3404,3406,3407,3409,3409,3412,3413,3414,3415,3420,3421,3422,3423,3424,3426,3435,3435,3437,3439,3442,3442,3449,3451,3452,3456,3458,3458,3463,3464,3466,3467,3471,3473,3474,3476,3478,3479,3488,3489,3489,3490,3490,3490,3498,3498,3498,3499,3503,3505,3509,3510,3515,3516,3517,3518,3520,3521,3523,3525,3525,3525,3527,3528,3530,3533,3538,3542,3545,3545,3547,3547,3550,3551,3552,3557,3558,3561,3562,3562,3564,3564,3565,3566,3566,3568,3571,3572,3575,3577,3578,3579,3580,3581,3582,3583,3585,3586,3588,3591,3592,3592,3593,3593,3596,3596,3597,3602,3605,3608,3608,3608,3608,3612,3615,3615,3615,3621,3624,3624,3628,3628,3630,3633,3634,3636,3642,3642,3646,3647,3648,3650,3651,3657,3659,3659,3660,3662,3663,3663,3665,3666,3666,3666,3668,3672,3675,3680,3683,3685,3685,3694,3695,3697,3697,3697,3698,3699,3702,3702,3702,3709,3710,3714,3717,3718,3718,3720,3722,3722,3722,3723,3723,3725,3726,3727,3727,3730,3734,3738,3739,3740,3748,3749,3750,3753,3754,3754,3756,3757,3759,3759,3761,3763,3765,3769,3771,3771,3772,3775,3775,3776,3781,3782,3785,3785,3786,3787,3787,3790,3790,3792,3794,3796,3797,3797,3798,3800,3801,3802,3805,3805,3805,3810,3815,3815,3817,3822,3825,3828,3829,3831,3833,3834,3835,3837,3837,3839,3840,3841,3841,3841,3843,3848,3848,3849,3853,3854,3858,3858,3860,3863,3864,3866,3866,3868,3870,3875,3877,3877,3882,3882,3883,3884,3885,3886,3887,3887,3889,3897,3897,3898,3899,3905,3905,3908,3911,3916,3918,3918,3919,3924,3926,3926,3926,3928,3929,3933,3935,3936,3939,3940,3943,3945,3945,3945,3947,3953,3954,3955,3960,3960,3961,3963,3964,3965,3967,3967,3974,3976,3980,3980,3980,3982,3982,3982,3983,3984,3984,3985,3989,3991,3992,3992,3996,3997,4000,4002,4005,4006,4007,4007,4008,4009,4011,4011,4011,4012,4013,4013,4018,4019,4019,4020,4022,4024,4026,4027,4029,4030,4031,4032,4032,4033,4037,4037,4038,4038,4039,4040,4040,4043,4044,4046,4047,4048,4048,4048,4052,4052,4054,4054,4056,4057,4057,4058,4059,4060,4063,4068,4069,4075,4075,4076,4076,4077,4079,4080,4081,4082,4083,4083,4085,4086,4087,4088,4088,4090,4090,4090,4091,4095,4099,4100,4107,4110,4111,4117,4118,4119,4119,4121,4123,4126,4126,4128,4132,4132,4132,4134,4134,4134,4140,4140,4143,4144,4146,4149,4151,4152,4152,4154,4156,4156,4158,4158,4159,4160,4160,4162,4167,4173,4173,4175,4177,4178,4183,4185,4186,4186,4189,4191,4193,4194,4195,4196,4199,4201,4202,4204,4206,4206,4206,4208,4208,4210,4210,4211,4212,4213,4213,4216,4216,4223,4225,4225,4226,4226,4227,4227,4229,4230,4231,4232,4232,4233,4234,4235,4235,4236,4236,4236,4237,4238,4242,4248,4249,4250,4251,4251,4254,4255,4259,4260,4260,4262,4263,4264,4266,4267,4268,4268,4269,4271,4272,4273,4273,4277,4277,4277,4278,4283,4284,4288,4289,4290,4295,4295,4302,4307,4307,4308,4310,4312,4312,4317,4320,4322,4323,4325,4326,4327,4327,4328,4331,4331,4331,4332,4333,4336,4340,4340,4344,4346,4348,4349,4351,4351,4354,4354,4356,4357,4362,4364,4364,4365,4367,4368,4369,4369,4371,4372,4378,4379,4381,4381,4384,4386,4387,4387,4388,4390,4391,4393,4396,4396,4398,4400,4401,4401,4402,4402,4404,4407,4408,4409,4409,4411,4411,4414,4415,4416,4418,4419,4420,4422,4423,4424,4429,4430,4433,4436,4438,4439,4439,4442,4444,4444,4446,4447,4447,4448,4449,4450,4452,4453,4454,4456,4458,4459,4459,4466,4468,4469,4469,4470,4470,4471,4471,4474,4477,4479,4483,4483,4484,4487,4487,4488,4489,4489,4489,4490,4492,4494,4497,4498,4499,4502,4505,4505,4506,4506,4509,4509,4511,4512,4512,4515,4516,4517,4520,4522,4523,4523,4524,4527,4530,4532,4537,4538,4538,4539,4542,4542,4543,4543,4549,4552,4556,4558,4559,4560,4560,4566,4567,4567,4570,4570,4573,4574,4575,4578,4578,4578,4579,4580,4581,4581,4581,4582,4582,4583,4589,4589,4591,4592,4594,4595,4597,4597,4600,4606,4606,4607,4608,4612,4612,4613,4613,4617,4617,4618,4628,4631,4631,4634,4637,4638,4639,4639,4642,4643,4644,4646,4646,4647,4647,4648,4650,4651,4651,4652,4655,4657,4658,4658,4658,4659,4664,4666,4666,4667,4668,4670,4670,4672,4675,4679,4681,4682,4682,4686,4688,4689,4692,4693,4693,4695,4696,4700,4700,4700,4703,4707,4707,4708,4709,4709,4711,4711,4712,4717,4718,4720,4723,4727,4730,4730,4732,4733,4733,4735,4735,4736,4737,4739,4740,4741,4743,4743,4743,4744,4745,4745,4747,4749,4749,4752,4753,4754,4755,4757,4762,4762,4764,4767,4767,4773,4774,4775,4778,4780,4784,4784,4786,4789,4789,4789,4791,4792,4792,4795,4798,4798,4799,4800,4800,4801,4802,4805,4805,4806,4807,4812,4812,4816,4816,4818,4821,4822,4827,4829,4831,4835,4836,4837,4839,4844,4846,4847,4849,4851,4854,4854,4856,4857,4858,4860,4863,4863,4866,4868,4870,4870,4871,4872,4872,4880,4881,4884,4887,4888,4889,4891,4891,4891,4892,4893,4894,4900,4900,4902,4903,4903,4907,4909,4912,4913,4917,4918,4919,4919,4924,4926,4926,4927,4928,4928,4929,4930,4930,4931,4932,4933,4933,4934,4936,4941,4942,4942,4943,4944,4945,4945,4947,4948,4950,4951,4952,4953,4954,4955,4955,4959,4962,4964,4964,4964,4965,4966,4971,4973,4975,4975,4977,4981,4982,4983,4984,4986,4989,4989,4990,4992,4993,4993,4994,4996,4997,4998,5001,5002,5005,5007,5007,5009,5009,5010,5014,5018,5019,5019,5020,5021,5023,5027,5028,5034,5039,5039,5039,5041,5045,5045,5046,5047,5047,5048,5048,5050,5051,5051,5051,5055,5057,5060,5060,5060,5061,5062,5063,5064,5064,5066,5066,5067,5067,5070,5073,5074,5075,5075,5081,5084,5086,5086,5086,5089,5090,5090,5091,5092,5094,5098,5101,5101,5101,5105,5108,5109,5109,5113,5114,5114,5116,5120,5121,5122,5122,5123,5125,5126,5128,5130,5133,5135,5136,5138,5138,5138,5141,5143,5145,5148,5150,5150,5151,5153,5154,5155,5156,5156,5162,5165,5166,5166,5168,5171,5176,5176,5177,5177,5177,5177,5178,5184,5186,5186,5188,5188,5189,5189,5200,5201,5201,5202,5204,5204,5209,5209,5209,5210,5211,5211,5214,5214,5215,5216,5216,5217,5218,5219,5225,5226,5230,5234,5236,5239,5241,5241,5242,5244,5245,5248,5249,5249,5250,5252,5255,5257,5257,5260,5260,5262,5263,5265,5267,5270,5271,5273,5278,5279,5281,5282,5284,5285,5285,5285,5286,5286,5287,5291,5294,5295,5297,5299,5303,5306,5307,5308,5309,5310,5310,5313,5314,5315,5316,5319,5323,5323,5325,5328,5328,5330,5331,5336,5337,5337,5337,5339,5341,5343,5346,5347,5348,5348,5350,5351,5351,5351,5354,5359,5364,5366,5367,5371,5373,5374,5378,5379,5384,5385,5389,5390,5390,5391,5395,5395,5398,5399,5403,5403,5404,5404,5410,5411,5411,5412,5414,5418,5419,5420,5423,5424,5427,5428,5429,5433,5433,5433,5436,5436,5436,5442,5444,5446,5447,5448,5448,5451,5451,5452,5452,5454,5458,5458,5461,5463,5465,5469,5469,5470,5473,5474,5474,5475,5476,5476,5476,5476,5477,5478,5480,5482,5484,5486,5486,5489,5489,5494,5496,5496,5497,5500,5500,5503,5505,5505,5507,5508,5508,5508,5508,5509,5509,5509,5509,5512,5515,5515,5517,5517,5518,5519,5528,5529,5529,5530,5531,5532,5532,5533,5534,5534,5536,5538,5538,5540,5543,5545,5547,5548,5549,5549,5550,5554,5555,5556,5558,5560,5561,5562,5565,5568,5569,5570,5570,5571,5571,5573,5573,5573,5575,5576,5578,5578,5582,5583,5585,5585,5588,5588,5590,5592,5593,5596,5597,5599,5607,5608,5610,5612,5614,5615,5617,5617,5618,5619,5622,5623,5626,5631,5632,5632,5632,5632,5633,5634,5637,5637,5641,5641,5642,5642,5642,5643,5649,5650,5652,5654,5654,5657,5659,5659,5662,5668,5669,5672,5673,5673,5673,5674,5675,5676,5679,5681,5682,5684,5684,5687,5689,5690,5692,5692,5694,5696,5697,5702,5705,5705,5706,5707,5708,5709,5712,5713,5713,5717,5717,5719,5725,5726,5726,5726,5727,5728,5728,5730,5731,5733,5734,5735,5736,5736,5738,5739,5739,5742,5743,5744,5746,5749,5749,5753,5756,5756,5758,5759,5762,5764,5770,5771,5772,5773,5774,5774,5774,5774,5776,5778,5778,5780,5780,5784,5793,5794,5795,5796,5796,5798,5800,5800,5801,5805,5805,5806,5807,5809,5809,5810,5812,5813,5813,5816,5816,5818,5820,5822,5824,5825,5829,5829,5831,5831,5832,5832,5832,5841,5842,5842,5843,5844,5846,5847,5847,5847,5850,5851,5854,5855,5856,5857,5858,5860,5864,5864,5866,5866,5866,5870,5870,5873,5876,5876,5876,5876,5876,5877,5877,5878,5878,5881,5883,5883,5883,5886,5887,5887,5890,5891,5894,5896,5896,5901,5909,5910,5911,5912,5912,5913,5919,5919,5920,5926,5931,5936,5945,5945,5947,5949,5952,5955,5956,5957,5958,5961,5963,5963,5965,5969,5970,5971,5974,5975,5976,5977,5978,5980,5980,5983,5984,5985,5986,5987,5987,5987,5989,5990,5992,5993,5994,5995,5996,5996,5996,5996,5997,6000,6002,6004,6005,6005,6006,6006,6009,6010,6014,6015,6015,6017,6018,6020,6021,6025,6026,6027,6028,6028,6030,6032,6033,6034,6036,6038,6039,6041,6042,6043,6044,6044,6046,6046,6046,6053,6056,6058,6058,6059,6060,6062,6063,6064,6066,6066,6067,6067,6067,6071,6074,6074,6076,6077,6078,6080,6080,6082,6083,6085,6088,6094,6095,6095,6098,6098,6099,6099,6099,6100,6100,6102,6102,6103,6103,6103,6106,6108,6109,6109,6112,6114,6114,6114,6117,6117,6117,6120,6120,6123,6123,6124,6124,6125,6125,6126,6126,6127,6133,6135,6137,6139,6142,6143,6145,6145,6146,6147,6148,6148,6149,6149,6151,6155,6155,6156,6156,6157,6157,6162,6165,6166,6166,6167,6171,6172,6177,6178,6184,6187,6188,6190,6190,6194,6195,6195,6197,6197,6197,6203,6204,6204,6204,6207,6211,6211,6213,6214,6215,6215,6217,6219,6221,6223,6223,6223,6223,6225,6226,6229,6229,6229,6230,6232,6234,6234,6235,6235,6237,6238,6238,6240,6241,6246,6248,6248,6249,6250,6251,6251,6254,6254,6255,6256,6256,6260,6261,6265,6267,6270,6271,6271,6273,6274,6274,6274,6277,6280,6280,6281,6282,6285,6286,6287,6288,6293,6295,6296,6301,6303,6305,6306,6306,6307,6308,6313,6319,6319,6323,6325,6327,6329,6333,6334,6335,6336,6336,6338,6338,6338,6342,6342,6343,6344,6347,6347,6348,6349,6351,6352,6352,6354,6356,6357,6359,6359,6367,6371,6371,6372,6372,6373,6374,6375,6375,6376,6377,6378,6381,6381,6381,6381,6382,6384,6386,6387,6388,6389,6389,6391,6391,6392,6392,6394,6394,6397,6398,6402,6402,6404,6408,6408,6408,6410,6411,6411,6416,6418,6418,6418,6419,6420,6422,6422,6423,6424,6425,6427,6430,6431,6433,6434,6436,6437,6437,6437,6439,6441,6442,6442,6443,6443,6444,6448,6451,6452,6452,6452,6456,6459,6460,6461,6463,6464,6464,6466,6467,6471,6471,6472,6475,6475,6475,6477,6478,6480,6483,6483,6485,6487,6491,6494,6494,6496,6496,6496,6496,6497,6497,6498,6499,6500,6500,6501,6502,6503,6505,6506,6512,6512,6514,6517,6517,6518,6520,6520,6521,6522,6523,6525,6526,6527,6532,6533,6534,6536,6539,6540,6543,6544,6544,6545,6547,6547,6549,6549,6551,6551,6552,6552,6553,6554,6558,6558,6558,6558,6560,6561,6561,6563,6566,6566,6574,6574,6574,6575,6580,6580,6580,6581,6581,6586,6587,6593,6596,6596,6597,6597,6598,6602,6602,6602,6604,6605,6606,6606,6607,6612,6612,6613,6613,6618,6619,6619,6620,6621,6624,6625,6626,6626,6629,6633,6637,6638,6638,6639,6640,6641,6644,6645,6650,6654,6658,6659,6661,6662,6663,6663,6663,6665,6667,6668,6670,6673,6673,6674,6674,6675,6676,6679,6680,6680,6685,6686,6686,6687,6687,6688,6688,6690,6691,6694,6695,6695,6696,6696,6699,6705,6705,6705,6708,6711,6712,6713,6713,6713,6713,6714,6714,6714,6715,6717,6717,6718,6718,6719,6720,6720,6722,6724,6724,6728,6732,6733,6736,6741,6742,6743,6744,6745,6745,6745,6745,6747,6748,6750,6751,6752,6753,6756,6757,6758,6760,6762,6764,6764,6766,6766,6768,6769,6769,6770,6770,6772,6774,6776,6777,6779,6780,6780,6780,6784,6788,6792,6793,6794,6794,6796,6800,6800,6801,6802,6802,6803,6804,6806,6807,6810,6811,6811,6813,6813,6817,6818,6822,6823,6824,6824,6830,6832,6832,6833,6836,6837,6837,6838,6838,6839,6840,6841,6841,6844,6846,6849,6851,6852,6853,6856,6857,6857,6858,6858,6860,6860,6861,6864,6865,6866,6867,6871,6873,6876,6876,6877,6879,6880,6881,6881,6881,6882,6883,6883,6885,6885,6886,6887,6888,6888,6889,6891,6891,6892,6896,6897,6900,6900,6904,6905,6909,6911,6914,6914,6916,6917,6917,6917,6921,6921,6922,6923,6924,6924,6931,6931,6937,6940,6943,6944,6945,6947,6948,6951,6954,6954,6954,6956,6957,6959,6962,6966,6970,6970,6974,6975,6976,6977,6982,6982,6982,6983,6985,6985,6988,6991,6991,6991,6991,6992,6994,6995,6998,7003,7004,7004,7005,7005,7006,7006,7007,7008,7008,7010,7010,7012,7013,7014,7014,7020,7020,7022,7025,7026,7027,7028,7031,7034,7036,7037,7037,7040,7041,7046,7049,7049,7053,7054,7055,7055,7056,7056,7058,7062,7063,7065,7065,7066,7067,7069,7069,7072,7073,7076,7076,7077,7080,7080,7081,7082,7083,7087,7088,7089,7089,7092,7094,7095,7096,7100,7101,7102,7104,7105,7106,7111,7111,7111,7112,7112,7113,7115,7116,7117,7118,7121,7122,7122,7122,7122,7127,7129,7131,7136,7137,7137,7138,7139,7141,7142,7143,7144,7145,7145,7149,7149,7150,7151,7153,7155,7158,7158,7163,7168,7172,7176,7178,7178,7181,7181,7181,7185,7187,7189,7190,7193,7203,7205,7208,7208,7216,7217,7219,7220,7220,7221,7221,7222,7225,7226,7228,7229,7231,7232,7236,7244,7244,7244,7246,7249,7250,7251,7251,7254,7258,7259,7260,7261,7261,7262,7267,7269,7270,7270,7270,7277,7280,7285,7286,7286,7287,7287,7288,7288,7288,7289,7290,7291,7293,7295,7299,7302,7304,7305,7305,7305,7316,7316,7318,7323,7324,7327,7331,7332,7333,7334,7337,7337,7337,7338,7340,7341,7342,7342,7345,7347,7351,7353,7357,7358,7359,7362,7363,7364,7366,7366,7374,7375,7377,7377,7377,7377,7378,7379,7381,7391,7391,7392,7394,7396,7399,7402,7402,7403,7403,7403,7404,7404,7404,7406,7406,7409,7409,7410,7412,7413,7413,7413,7414,7414,7416,7416,7417,7418,7419,7419,7420,7423,7423,7424,7427,7432,7433,7434,7434,7436,7436,7440,7443,7443,7445,7448,7448,7449,7451,7451,7452,7455,7456,7462,7463,7463,7466,7469,7473,7476,7477,7478,7478,7480,7482,7482,7483,7489,7491,7492,7492,7492,7492,7492,7497,7497,7498,7498,7498,7499,7503,7505,7508,7508,7510,7511,7513,7519,7521,7521,7523,7525,7525,7526,7527,7529,7529,7529,7530,7530,7530,7534,7534,7537,7538,7538,7539,7541,7541,7543,7543,7545,7545,7547,7548,7548,7549,7551,7553,7554,7554,7555,7556,7557,7560,7562,7562,7571,7574,7575,7575,7575,7575,7575,7577,7577,7581,7581,7584,7586,7588,7589,7590,7593,7596,7596,7597,7599,7599,7601,7603,7604,7606,7607,7610,7611,7611,7612,7614,7614,7616,7619,7619,7621,7623,7625,7627,7631,7632,7633,7633,7635,7636,7638,7639,7640,7640,7641,7642,7642,7642,7643,7645,7648,7649,7653,7654,7657,7657,7658,7666,7669,7669,7670,7671,7672,7674,7676,7677,7678,7679,7680,7681,7681,7682,7682,7687,7693,7693,7695,7698,7698,7699,7703,7704,7705,7707,7708,7710,7710,7711,7713,7714,7717,7718,7718,7720,7720,7721,7728,7729,7731,7731,7732,7733,7734,7736,7738,7738,7744,7747,7748,7748,7756,7756,7757,7759,7766,7768,7770,7771,7774,7774,7777,7778,7779,7780,7781,7781,7785,7785,7786,7786,7787,7788,7790,7790,7791,7792,7795,7796,7800,7803,7805,7806,7807,7807,7807,7808,7810,7810,7810,7812,7813,7817,7821,7821,7822,7823,7824,7826,7828,7829,7829,7829,7831,7832,7834,7835,7836,7842,7843,7845,7845,7846,7847,7849,7850,7850,7850,7850,7850,7851,7854,7854,7857,7859,7861,7861,7863,7868,7872,7872,7873,7876,7877,7877,7877,7878,7882,7883,7885,7886,7886,7886,7888,7891,7891,7892,7897,7897,7898,7903,7903,7903,7908,7909,7910,7911,7914,7916,7918,7922,7922,7923,7924,7924,7924,7930,7930,7931,7932,7936,7937,7938,7941,7949,7949,7949,7949,7950,7951,7951,7952,7954,7954,7954,7955,7955,7955,7956,7956,7959,7960,7962,7963,7967,7972,7973,7973,7974,7975,7976,7978,7982,7982,7983,7986,7987,7987,7988,7990,7991,7994,7995,7995,7996,7997,7997,7999,8000,8001,8002,8003,8005,8005,8008,8011,8011,8018,8019,8020,8021,8023,8024,8026,8028,8031,8033,8034,8035,8039,8039,8040,8040,8042,8049,8058,8063,8065,8065,8070,8071,8071,8077,8081,8081,8081,8082,8087,8089,8090,8092,8092,8094,8096,8098,8099,8100,8100,8100,8103,8105,8108,8109,8109,8110,8111,8111,8111,8113,8118,8122,8122,8127,8129,8130,8130,8134,8134,8134,8135,8135,8138,8140,8141,8142,8143,8143,8145,8150,8152,8152,8153,8154,8154,8156,8156,8156,8156,8157,8157,8159,8160,8163,8165,8165,8169,8170,8173,8173,8176,8178,8180,8181,8184,8188,8189,8189,8192,8192,8192,8193,8194,8198,8198,8201,8205,8211,8216,8217,8217,8218,8219,8221,8221,8223,8225,8225,8226,8228,8231,8232,8233,8235,8236,8236,8241,8242,8242,8251,8253,8254,8255,8256,8256,8257,8258,8261,8263,8264,8265,8266,8268,8268,8269,8273,8273,8274,8275,8282,8282,8285,8286,8287,8292,8292,8296,8297,8298,8298,8299,8302,8303,8305,8306,8306,8309,8311,8312,8315,8316,8317,8317,8317,8320,8322,8324,8324,8325,8326,8327,8332,8333,8339,8340,8341,8341,8341,8342,8344,8344,8345,8347,8349,8350,8351,8352,8356,8359,8363,8363,8367,8369,8370,8372,8373,8378,8381,8384,8391,8393,8393,8396,8396,8398,8400,8404,8405,8408,8408,8409,8410,8413,8414,8415,8416,8418,8422,8422,8422,8424,8427,8429,8429,8429,8430,8430,8432,8434,8435,8441,8443,8443,8444,8444,8445,8449,8449,8451,8452,8455,8458,8459,8463,8463,8463,8464,8465,8465,8466,8466,8467,8467,8469,8471,8476,8476,8477,8487,8488,8488,8488,8491,8493,8494,8501,8501,8508,8510,8512,8515,8517,8517,8519,8519,8520,8522,8523,8525,8525,8526,8526,8526,8527,8528,8529,8529,8531,8533,8533,8536,8539,8542,8543,8544,8548,8548,8550,8553,8555,8555,8556,8556,8557,8558,8558,8561,8562,8562,8564,8566,8571,8576,8577,8577,8579,8583,8584,8584,8585,8586,8586,8587,8590,8592,8592,8593,8594,8596,8596,8596,8599,8599,8601,8601,8603,8605,8608,8608,8609,8610,8613,8615,8615,8615,8618,8619,8619,8620,8625,8626,8626,8627,8628,8628,8629,8630,8630,8631,8631,8633,8634,8635,8636,8639,8640,8640,8640,8640,8642,8643,8644,8644,8645,8647,8648,8650,8659,8660,8660,8662,8663,8665,8667,8670,8670,8671,8672,8672,8675,8675,8679,8680,8680,8680,8682,8690,8693,8693,8693,8698,8699,8699,8700,8705,8708,8712,8713,8715,8719,8720,8722,8723,8723,8724,8725,8726,8728,8729,8730,8731,8734,8735,8739,8745,8746,8747,8747,8747,8747,8749,8751,8752,8752,8754,8755,8756,8757,8763,8765,8766,8768,8768,8769,8769,8774,8774,8785,8786,8794,8798,8798,8799,8802,8803,8803,8804,8807,8811,8811,8812,8815,8817,8823,8824,8829,8831,8832,8837,8841,8842,8842,8846,8853,8854,8856,8859,8861,8866,8868,8871,8872,8872,8876,8878,8879,8880,8882,8882,8883,8884,8885,8885,8886,8886,8887,8887,8892,8893,8894,8898,8899,8900,8903,8903,8904,8904,8905,8905,8907,8907,8910,8915,8915,8915,8917,8918,8919,8919,8921,8923,8925,8925,8926,8927,8927,8928,8929,8929,8929,8933,8933,8936,8938,8943,8946,8947,8948,8949,8949,8951,8952,8955,8958,8960,8960,8960,8960,8962,8965,8966,8969,8970,8972,8975,8976,8976,8979,8980,8980,8982,8983,8985,8988,8989,8991,8998,8999,9000,9001,9001,9003,9005,9006,9008,9009,9012,9013,9015,9016,9017,9018,9018,9020,9021,9027,9030,9032,9033,9034,9035,9036,9036,9036,9037,9039,9040,9046,9047,9050,9051,9051,9051,9051,9053,9055,9056,9056,9056,9057,9060,9061,9062,9062,9063,9063,9064,9067,9069,9070,9070,9072,9072,9079,9079,9080,9082,9083,9085,9087,9088,9088,9088,9089,9090,9092,9093,9094,9095,9095,9096,9098,9098,9099,9101,9103,9103,9105,9110,9110,9111,9111,9114,9115,9116,9116,9120,9120,9120,9120,9120,9121,9122,9124,9125,9127,9128,9128,9128,9130,9130,9132,9133,9134,9136,9137,9137,9138,9138,9139,9139,9140,9142,9143,9145,9146,9146,9148,9148,9148,9148,9152,9153,9155,9155,9156,9156,9157,9160,9161,9162,9164,9165,9165,9165,9168,9170,9170,9171,9174,9177,9179,9180,9181,9181,9181,9182,9182,9184,9191,9191,9196,9199,9200,9201,9204,9204,9206,9207,9207,9207,9207,9210,9211,9212,9213,9214,9214,9215,9215,9216,9216,9219,9219,9222,9222,9223,9232,9233,9234,9236,9236,9237,9237,9239,9239,9242,9242,9246,9247,9248,9249,9252,9255,9259,9259,9262,9262,9264,9270,9271,9273,9275,9275,9277,9279,9279,9280,9280,9281,9285,9285,9286,9286,9287,9288,9290,9290,9290,9292,9295,9295,9296,9296,9297,9297,9297,9298,9302,9303,9303,9304,9308,9308,9309,9309,9310,9310,9311,9311,9311,9312,9312,9313,9314,9315,9315,9317,9318,9320,9320,9326,9331,9332,9332,9335,9336,9336,9341,9342,9342,9342,9344,9344,9344,9345,9348,9352,9353,9353,9357,9359,9361,9361,9362,9362,9362,9363,9364,9365,9365,9366,9370,9376,9378,9378,9380,9381,9382,9382,9382,9383,9383,9385,9388,9388,9390,9397,9397,9398,9399,9401,9401,9401,9401,9402,9403,9406,9406,9406,9407,9408,9408,9409,9417,9417,9418,9419,9419,9421,9424,9424,9425,9425,9426,9426,9429,9430,9431,9432,9433,9433,9434,9435,9438,9438,9444,9444,9444,9445,9446,9446,9450,9450,9451,9452,9455,9458,9466,9466,9468,9468,9470,9470,9473,9475,9477,9478,9478,9480,9480,9480,9480,9480,9483,9483,9484,9485,9492,9493,9493,9494,9495,9495,9499,9500,9504,9504,9505,9506,9507,9509,9509,9510,9513,9514,9515,9516,9517,9519,9519,9524,9530,9532,9532,9535,9538,9538,9538,9538,9541,9542,9545,9551,9551,9552,9558,9560,9560,9560,9561,9567,9569,9572,9574,9575,9576,9578,9579,9585,9586,9586,9587,9587,9588,9593,9596,9601,9609,9611,9612,9612,9613,9613,9614,9617,9620,9620,9626,9627,9627,9628,9629,9630,9630,9631,9632,9640,9642,9643,9644,9645,9645,9647,9648,9652,9652,9652,9652,9654,9654,9655,9656,9656,9661,9662,9662,9663,9663,9667,9668,9668,9671,9671,9673,9673,9675,9675,9677,9682,9685,9686,9688,9688,9689,9692,9693,9698,9698,9699,9701,9703,9704,9708,9709,9710,9710,9711,9713,9714,9717,9719,9721,9723,9724,9725,9725,9725,9732,9733,9737,9740,9741,9744,9747,9748,9748,9750,9755,9759,9765,9766,9766,9766,9766,9769,9770,9770,9773,9773,9775,9777,9779,9784,9786,9791,9793,9793,9795,9797,9798,9798,9804,9805,9805,9805,9806,9806,9807,9812,9813,9813,9816,9817,9822,9822,9824,9825,9827,9827,9828,9830,9830,9833,9834,9834,9834,9834,9836,9838,9839,9841,9842,9844,9845,9846,9847,9847,9848,9851,9857,9857,9858,9858,9859,9861,9862,9862,9863,9863,9864,9870,9871,9871,9873,9874,9875,9875,9875,9876,9880,9880,9882,9883,9883,9883,9883,9884,9886,9888,9889,9890,9893,9895,9899,9901,9902,9905,9906,9906,9906,9907,9907,9907,9910,9912,9918,9919,9920,9920,9920,9927,9930,9932,9932,9933,9934,9937,9939,9940,9941,9942,9944,9944,9946,9948,9950,9951,9953,9954,9955,9956,9956,9956,9957,9961,9963,9963,9964,9965,9967,9967,9967,9968,9969,9971,9973,9973,9973,9977,9979,9980,9983,9984,9984,9985,9986,9988,9989,9990,9992,9995,9996,9996,9996,9997,9998,9999,9999,

Time to sort the Array: 12 millisec


